,rabbit,fox
0,10.0,5.0
1,10.845697269493929,4.6391605823610575
2,11.82428288117711,4.335113972458536
3,12.947322411320775,4.084355590781728
4,14.227267741435107,3.884360614968256
5,15.676947720262818,3.7337275729899235
6,17.308814369383686,3.6323698218241645
7,19.133822664451394,3.581782389721318
8,21.159778926589645,3.5854179178665246
9,23.388928798135403,3.649214825922673
10,25.81448634653896,3.782328120205902
11,28.415734243118376,3.998113628638241
12,31.151303158225364,4.315390712635077
13,33.95036410305987,4.759918523643319
14,36.70197670820536,5.365787613961894
15,39.24413394297084,6.1759245395943925
16,41.356709362131056,7.239982998645846
17,42.76681698882722,8.606607014390638
18,43.17955356499963,10.30623980678947
19,42.345855965291165,12.322811789196304
20,40.16204155746217,14.561285680266714
21,36.7595438135085,16.83209754565016
22,32.51601052430714,18.87863609219386
23,27.950710846437566,20.450661722316777
24,23.555637511540198,21.385622479856103
25,19.666253019712144,21.64784953019518
26,16.430165948355782,21.31088541338326
27,13.851328315124968,20.508626742880153
28,11.855764082054751,19.38822571069891
29,10.343323088874254,18.080782225561183
30,9.21696823911765,16.68957713052908
31,8.394899752289946,15.289335784581446
32,7.813079878147604,13.930475834320061
33,7.423564915897852,12.644655052699775
34,7.191578033752599,11.449905632658627
35,7.092623395907336,10.354785344498367
36,7.110088636613404,9.36150795985446
37,7.233404129818475,8.468209961881415
38,7.456688150928093,7.6705501376141205
39,7.777773556279005,6.96281837097699
40,8.197517740870813,6.3386940172076285
41,8.71931475146729,5.791759449935904
42,9.348745188081226,5.31584607678179
43,10.093311980343424,4.905269136676094
44,10.962217635062432,4.554992403836903
45,11.96614088461511,4.260753915558188
46,13.116967692203161,4.019177605483846
47,14.427422949249047,3.827892593658181
48,15.910533660916169,3.685681536652633
49,17.578830324165025,3.5926816660033705
50,19.44315805662529,3.5506670129242854
51,21.510920095071484,3.563447740703751
52,23.783512512907574,3.6374316401496385
53,26.25263296738827,3.7824008946908796
54,28.895075530667373,4.012556040799948
55,31.665610351081042,4.347846979850833
56,34.48770554822828,4.815507933753936
57,37.242449250352074,5.451443442530094
58,39.75751498269251,6.300543661106988
59,41.80099627709563,7.413986425989646
60,43.08959048972249,8.840225812382918
61,43.324924228131835,10.605740838305216
62,42.26892120356552,12.684580343189827
63,39.848177323584444,14.965846325089592
64,36.238401745738976,17.242822391549666
65,31.85769992832944,19.249348347496195
66,27.2424575213158,20.740064273708008
67,22.87331304052487,21.569876772931316
68,19.05773610842272,21.724083664192698
69,15.914871702149016,21.292151402568233
70,13.428908027648765,20.415771655816325
71,11.515829360715202,19.24321494146108
72,10.072307436986033,17.902934039808258
73,9.001795938425198,16.494189698368885
74,8.224466031656656,15.087695814608367
75,7.67856107150115,13.730460238865323
76,7.318223688678509,12.451476598744856
77,7.110412866004553,11.26679981614082
78,7.032017369102901,10.183571492149063
79,7.067512890291403,9.203020017216549
80,7.207186687721102,8.322615607324158
81,7.4458416733377755,7.537581989068756
82,7.781870813992262,6.841939083090023
83,8.216603747316727,6.229212997380763
84,8.75384612508151,5.692914825520284
85,9.399549048294665,5.226862215047605
86,10.16155801584584,4.825397351686631
87,11.049397787234106,4.483540598206561
88,12.074051171946019,4.197109656734524
89,13.24768608518697,3.962828357809046
90,14.583275709107097,3.7784464929831576
91,16.094039925398768,3.642892184817988
92,17.792610632875196,3.556480950764656
93,19.689786101355963,3.521211063414926
94,21.7926881982692,3.5411826751752584
95,24.102068706523728,3.623188033684586
96,26.608431867644533,3.777528194970194
97,29.286568381375034,4.019109426891836
98,32.08808909014142,4.368836128622747
99,34.93173690147199,4.85519985067252
100,37.69192883184352,5.515666584387567
101,40.18763720841379,6.396834591665506
102,42.176981716295835,7.551228981417142
103,43.36785430928714,9.02718444085994
104,43.45906671582489,10.847812594514945
105,42.22207164650278,12.978753621178493
106,39.609088188558935,15.295769834013745
107,35.83240135667004,17.57808736937568
108,31.342349709694368,19.55225952846429
109,26.68767514067828,20.977622948237155
110,22.338638742151694,21.72359639511755
111,18.58001136612107,21.79219805289563
112,15.508703714445407,21.285215801658968
113,13.09382385197927,20.350184175180814
114,11.243829183704992,19.13608403563787
115,9.853057469989634,17.769254887591142
116,8.82536284734341,16.345844149117763
117,8.082408120314254,14.933483366679177
118,7.564152733412351,13.576564267066248
119,7.226308465026815,12.302032787972612
120,7.037142492521354,11.12441796340182
121,6.974590635198567,10.049762039565952
122,7.023954979848132,9.078522413204752
123,7.176176994341929,8.207642511726624
124,7.42658546255263,7.431997075473815
125,7.774006643212635,6.745384692253719
126,8.220138573155468,6.141200925956533
127,8.769111233180723,5.612890482577142
128,9.427171192639358,5.15424992772474
